# 八冠軍 pattern 本體（25×25,1=金屬,0=介質;feed=(24,12)）— 2026-07-07 certified
# 配方見 docs/champions.md;原檔 NAS dedust_ref2_input/<id>.pt

## c21_sm  wm +0.20 (S11 +1.18/Gain +0.20)  rad +0.12
1111001101100001011001111
1111111111100001111111111
1111101101010001011011111
1111111111110001111111111
1111111100000000011111111
1011111011000001101111101
1011111111000001111111101
1011110110000000110111101
0011111100000000011111100
0000000111000001110000000
0000000000000000000000000
0000000010000000100000000
0000110010000000100110000
1101110111110011110111011
1111011111111111111101111
1110111011010111101110111
1110101111010111111010111
1111111000100100001111111
1111111110101100111111111
1111111000111000001111111
0111111110011100111111110
1111111111101101111111111
1111111011111111101111111
0111111101111111011111110
0011011111111111111101100

## a00_k2  wm +0.15 (S11 +0.99/Gain +0.15)  rad +0.13
1111001100100000011001111
1111111111100001111111111
1111101101110001011011111
1111111111110001111111111
1111111100000000011111111
1011111011000001101111101
1011111111000001111111101
1011110110000000110111101
0001111100000000011111000
0000000111000001110000000
0000000000000000000000000
0000000010000000100000000
0000010010000000100100000
1101110111110011110111011
1111011111111111111101111
1111101011000111101011111
1110101111000111111010111
1111111000100100001111111
1111111110101100111111111
1111101000111000001011111
0111111110111100111111110
1111111111111111111111111
1111111011111111101111111
0111111101111111011111110
0011011111111111111101100

## b11_k2  wm +0.13 (S11 +0.49/Gain +0.13)  rad +0.22
1111001100100000011001111
1111111111100001111111111
1111101101110001011011111
1111111111110001111111111
1111111100000000011111111
1011111011000001101111101
1011111111000001111111101
1011110110000000110111101
0001111100000000011111000
0000000111000001110000000
0000000000000000000000000
0000000010000000100000000
0000010010000000100100000
1101110111110011110111011
1111011111111111111101111
1111101011010111101011111
1110101111000111111010111
1111111000100100001111111
1111110000101100000111111
1111111000111000001111111
0111111110111100111111110
1111111111111111111111111
1111111011111111101111111
0111111101111111011111110
0011011111111111111101100

## c10_sm  wm +0.07 (S11 +0.85/Gain +0.07)  rad +0.35
1111001100100000011001111
1111111111100001111111111
1111101101110001011011111
1111111111110001111111111
1111111100000000011111111
1011111011000001101111101
1011111011000001101111101
1011110110000000110111101
0001111100000000011111000
0000000111000001110000000
0000000000000000000000000
0000000010000000100000000
0000010011000001100100000
1101110111010011110111011
1111011111111111111101111
1111101011010111101011111
1110101111010111111010111
1111111000100100001111111
1111111111101101111111111
1101111100111000011111011
0111111110111100111111110
1111111111111111111111111
1111111011101111101111111
0111111101111111011111110
0011011111111111111101100

## c18_sm  wm +0.07 (S11 +1.10/Gain +0.07)  rad +0.32
1111001100100000011001111
1111111111100001111111111
1111101101110001011011111
1101111111010001111111011
1111111100000000011111111
1011111011000001101111101
1001111111000001111111001
1011110110000000110111101
0001111100000000011111000
0000000111000001110000000
0000000000000000000000000
0000000010000000100000000
0000010010000000100100000
1101110111110011110111011
1111011111111111111101111
1111100011000111100011111
1110111101110111011110111
1111011000100100001101111
1111111110101100111111111
1111111000111000001111111
0111101110111100111011110
1111111111111111111111111
1111111011111111101111111
0111111101111111011111110
0011011111111111111101100

## c17_sm  wm +0.07 (S11 +0.60/Gain +0.07)  rad +0.10
1111001100100000011001111
1111111111100001111111111
1101101101110001011011011
1111111011110001101111111
1111111100000000011111111
1011111011000001101111101
1011111111000001111111101
1011111110000000111111101
0001111100000000011111000
0000000111000001110000000
0000000000000000000000000
0000000010000000100000000
0000010010000000100100000
1101110110110010110111011
1111011111111111111101111
1111101011010111101011111
1110101111010111111010111
1111111000101100001111111
1111111110101100111111111
1111111000111000001111111
0011111110111100111111100
1111111111111111111111111
1111011011111111101101111
0111111101011111011111110
0011011110111110111101100

## a15_k4  wm +0.03 (S11 +0.78/Gain +0.03)  rad +0.56
1111001100100000011001111
1011111111100001111111101
1111101101110001011011111
1111111111110001111111111
1111111100000000011111111
1011111011000001101111101
1011111111000001111111101
1011110110000000110111101
0001111100000000011111000
0000000111000001110000000
0000000000000000000000000
0000000010000000100000000
0000010010000000100100000
1101110111110011110111011
1111011111111111111101111
1111101011010111101011111
1110101111010111111010111
1111111000100100001111111
1111111110101100111111111
1111111000111000001111111
0111111110111000111111110
1111111111111111111111111
1111110011111111100111111
0111111101111111011111110
0011011111111111111101100

## a11_k2  wm +0.01 (S11 +0.65/Gain +0.01)  rad +0.24
1111001100100000011001111
1111111111100001111111111
1111101101110001011011111
1111111111110001111111111
1111111100000000011111111
1011111011000001101111101
1011111111000001111111101
1011110110000000110111101
0001111100000000011111000
0000000111000001110000000
0000000000000000000000000
0000000010000000100000000
0000010010000000100100000
1101110111110011110111011
1111011111111111111101111
1111101011010111101011111
1110101111010111111010111
1111111000100100001111111
1111111110101100111111111
1111111000111000001111111
0111111110111100111111110
1111111111011111111111111
1111111011111111101111111
0111111101111111011111110
0011011111111111111101100
